model_name: logistic_regression_model
created_at: 2025-07-31 17:56:23
fbeta: 0.5714285714285715
precision: 0.5
recall: 0.6666666666666666
roc_auc: 0.3333333333333333
